18.52
13.18
13.10
8.03
12.77
11.46
15.00
5.82
4.09
19.24
8.31
5.87
9.80
6.46
16.98
6.36
7.97
18.58
10.11
8.33
19.69
16.97
4.28
5.67
10.31
9.74
6.36
9.57
18.26
16.20
7.16
10.27
5.11
7.15
17.05
19.46
6.89
4.43
5.98
6.49
4.96
6.62
8.11
11.34
5.60
18.79
19.48
15.93
8.42
18.79
5.47
18.91
10.85
10.16
6.73
16.19
7.39
16.54
14.80
18.11
10.21
5.24
4.22
13.10
5.01
11.81
15.63
8.09
11.54
19.24
16.21
19.01
10.76
12.67
11.10
10.67
9.22
15.49
11.33
7.32
13.48
16.42
17.56
14.04
5.86
18.66
13.27
4.42
11.83
5.49
17.62
6.62
16.17
10.88
19.75
4.64
19.23
8.45
11.48
5.17
7.31
18.08
5.24
9.61
11.58
9.45
15.41
12.78
12.44
13.18
19.57
9.36
12.39
12.19
14.92
11.47
11.87
17.33
16.75
13.87
14.28
19.51
8.11
8.61
18.33
10.76
18.68
13.78
14.22
16.62
4.99
8.00
14.78
16.62
9.99
13.36
7.05
19.74
15.42
5.23
14.63
11.98
12.27
6.76
5.43
8.76
5.56
8.44
5.74
13.33
6.50
13.73
19.95
19.82
11.17
7.16
13.43
13.81
13.83
16.38
19.80
15.95
6.50
18.52
16.30
4.78
19.05
13.41
5.02
15.85
13.11
13.62
7.51
12.01
5.60
9.88
17.04
8.58
8.33
19.84
11.99
11.60
12.68
9.55
7.63
18.87
4.28
8.56
4.25
15.70
16.63
19.32
16.14
19.74
13.23
19.71
15.05
17.42
13.56
13.75
